0 0.1890625 0.48984375 0.2328125 0.94296875
0 0.49296875 0.4921875 0.24140625 0.94765625
0 0.8078125 0.48984375 0.234375 0.95390625
0 0.1859375 0.18046875 0.22734375 0.309375
0 0.4984375 0.48828125 0.22734375 0.3140625
0 0.8109375 0.8140625 0.21875 0.29609375
0 0.18984375 0.4953125 0.2203125 0.29375
0 0.1890625 0.80625 0.22578125 0.30078125
0 0.49765625 0.8125 0.22578125 0.309375
0 0.496875 0.1734375 0.22421875 0.309375
0 0.81015625 0.17421875 0.22578125 0.29609375
0 0.8078125 0.5 0.22265625 0.2875