      0/99     3.44G   0.01774  0.004424         0   0.02216         9       640    0.9861    0.9793    0.9935    0.8243   0.04055  0.003409         0
      1/99     6.08G   0.01738  0.004435         0   0.02181         6       640    0.9861    0.9793    0.9932    0.8213   0.03983  0.003378         0
      2/99     6.74G   0.01718  0.004307         0   0.02149        12       640     0.986    0.9862    0.9941    0.8159   0.03946  0.003492         0
      3/99     6.74G   0.01853  0.004414         0   0.02294        10       640    0.9857    0.9515     0.988    0.7515   0.04266  0.003539         0
      4/99     6.74G   0.01921  0.004357         0   0.02356        11       640    0.9655    0.9646    0.9874    0.7846   0.04508  0.003482         0
      5/99     6.74G   0.02007  0.004316         0   0.02439        11       640    0.9791    0.9724    0.9923    0.7499   0.04458   0.00345         0
      6/99     6.74G   0.01987  0.004427         0    0.0243        15       640    0.9999    0.9586    0.9939    0.8045   0.04414   0.00354         0
      7/99     6.74G   0.01921  0.004454         0   0.02367         9       640    0.9726    0.9789    0.9906    0.7884   0.04319  0.003539         0
      8/99     6.74G   0.01832  0.004511         0   0.02283        15       640    0.9928    0.9655    0.9918     0.844   0.04124  0.003411         0
      9/99     6.74G   0.01929  0.004323         0   0.02361        10       640         1    0.9379    0.9845    0.8441   0.04263   0.00357         0
     10/99     6.74G   0.01949   0.00439         0   0.02388        10       640    0.9661    0.9862    0.9852    0.8192   0.04344  0.003619         0
     11/99     6.74G   0.01847  0.004288         0   0.02276        11       640    0.9597    0.9858    0.9903    0.7258   0.04496  0.003524         0
     12/99     6.74G   0.01848  0.004495         0   0.02297         8       640     0.979    0.9724    0.9852    0.7938   0.04516  0.003502         0
     13/99     6.74G   0.01896  0.004367         0   0.02332        12       640     0.993    0.9791    0.9883    0.7758   0.04298  0.003659         0
     14/99     6.74G    0.0196   0.00437         0   0.02397         8       640    0.9791    0.9724    0.9914    0.7352   0.04406  0.003607         0
     15/99     6.74G   0.02075  0.004348         0   0.02509        10       640         1    0.9719     0.994    0.8115   0.04409    0.0035         0
     16/99     6.74G   0.01912  0.004371         0   0.02349        12       640         1    0.9724    0.9935    0.7484   0.04532  0.003411         0
     17/99     7.07G   0.01766  0.004408         0   0.02207         8       640    0.9724    0.9724    0.9881    0.8258   0.04186  0.003669         0
     18/99     7.07G   0.01865  0.004383         0   0.02304        12       640    0.9998    0.9517     0.985    0.8098   0.04195  0.003492         0
     19/99     7.07G   0.01915  0.004254         0   0.02341        10       640    0.9858    0.9584    0.9909    0.7485   0.04369  0.003416         0
     20/99     7.07G    0.0199  0.004464         0   0.02437        14       640    0.9791    0.9724    0.9929    0.7184   0.04419  0.003554         0
     21/99     7.07G    0.0182  0.004397         0    0.0226        16       640    0.9403    0.9793     0.987    0.7871   0.04201  0.003644         0
     22/99     7.07G   0.01882  0.004399         0   0.02321         9       640         1    0.9655    0.9912    0.8417   0.04228  0.003434         0
     23/99     7.07G    0.0176  0.004282         0   0.02188         5       640    0.9583    0.9586    0.9894    0.7928   0.04345  0.003525         0
     24/99     7.07G   0.01965  0.004376         0   0.02402        12       640    0.9853    0.9586    0.9828    0.8137   0.04041  0.003502         0
     25/99     7.07G   0.01818  0.004316         0   0.02249        11       640     0.972    0.9655    0.9898    0.8431   0.04098   0.00362         0
     26/99     7.07G   0.01929  0.004281         0   0.02357         9       640    0.9792    0.9722    0.9852    0.8012   0.04139  0.003609         0
     27/99     7.07G   0.01827  0.004382         0   0.02265         7       640    0.9926    0.9655    0.9895    0.8348   0.04117  0.003415         0
     28/99     7.07G   0.01849  0.004336         0   0.02282        15       640    0.9722    0.9654    0.9826    0.7436   0.04131  0.003493         0
     29/99     7.07G   0.01894   0.00448         0   0.02342        10       640    0.9788    0.9724    0.9923    0.8065   0.04036  0.003682         0
     30/99     7.07G   0.01821  0.004402         0   0.02261        15       640    0.9655    0.9653    0.9853    0.8107   0.04123  0.003713         0
     31/99     7.07G   0.01854  0.004302         0   0.02284        10       640     0.986    0.9724    0.9923     0.812   0.04055  0.003436         0
     32/99     7.07G   0.01786  0.004399         0   0.02226        13       640    0.9928    0.9515    0.9904    0.8271   0.04065  0.003456         0
     33/99     7.07G   0.01807  0.004285         0   0.02235         9       640     0.979    0.9724    0.9922    0.8203   0.03804  0.003392         0
     34/99     7.07G   0.01832  0.004331         0   0.02265         9       640    0.9852    0.9793    0.9917    0.7969   0.03896  0.003453         0
     35/99     7.07G   0.01823  0.004313         0   0.02254        12       640     0.979    0.9655    0.9883    0.8439    0.0405   0.00365         0
     36/99     7.07G   0.01801  0.004249         0   0.02226        10       640    0.9517    0.9515    0.9778    0.8256   0.04139    0.0037         0
     37/99     7.07G   0.01727  0.004409         0   0.02167        19       640     0.986    0.9793     0.992    0.8115   0.04189  0.003445         0
     38/99     7.07G   0.01737   0.00431         0   0.02168         7       640    0.9783    0.9448    0.9881    0.8024   0.04068   0.00357         0
     39/99     7.07G   0.01686  0.004362         0   0.02122        16       640    0.9858    0.9724    0.9907    0.7637   0.03998  0.003529         0
     40/99     7.07G   0.01579  0.004276         0   0.02006        13       640    0.9657    0.9722    0.9895    0.8085   0.03968  0.003515         0
     41/99     7.07G    0.0173  0.004261         0   0.02156         7       640    0.9722    0.9793    0.9928     0.819   0.03825  0.003338         0
     42/99     7.07G   0.01721  0.004304         0   0.02152         9       640    0.9787    0.9517    0.9902    0.8098    0.0398  0.003567         0
     43/99     7.07G   0.01778  0.004345         0   0.02213         7       640    0.9927    0.9655     0.991    0.8259   0.04061  0.003378         0
     44/99     7.07G   0.01709  0.004382         0   0.02147         9       640    0.9999    0.9379    0.9908    0.7887   0.03796  0.003662         0
     45/99     7.07G   0.01699   0.00425         0   0.02124        13       640    0.9929    0.9655    0.9919    0.8305   0.03875  0.003358         0
     46/99     7.07G   0.01696   0.00426         0   0.02122         9       640    0.9929    0.9724    0.9895    0.8165   0.03717  0.003545         0
     47/99     7.07G   0.01689  0.004258         0   0.02114         8       640    0.9651    0.9586      0.99    0.8094   0.03814  0.003611         0
     48/99     7.07G   0.01684  0.004349         0   0.02119        10       640    0.9859    0.9654    0.9915    0.8097   0.03767    0.0034         0
     49/99     7.07G   0.01718  0.004287         0   0.02147         9       640    0.9533     0.986    0.9881    0.8125   0.03743  0.003655         0
     50/99     7.07G   0.01689  0.004314         0   0.02121        10       640    0.9793    0.9793    0.9938    0.8204   0.03665   0.00343         0
     51/99     7.07G    0.0174  0.004289         0   0.02169        12       640    0.9928    0.9517    0.9924    0.7848   0.03797  0.003413         0
     52/99     7.07G    0.0172  0.004324         0   0.02152        11       640    0.9861    0.9793    0.9929    0.7996    0.0363  0.003464         0
     53/99     7.07G   0.01725  0.004198         0   0.02145         9       640    0.9927    0.9441    0.9916    0.7951   0.03731  0.003604         0
     54/99     7.07G   0.01673  0.004347         0   0.02108         7       640    0.9792    0.9723    0.9907     0.814   0.03796  0.003462         0
     55/99     7.07G   0.01747  0.004356         0   0.02182         7       640         1    0.9448      0.99    0.8115    0.0374   0.00353         0
     56/99     7.07G   0.01651  0.004176         0   0.02069         9       640    0.9927    0.9448    0.9908    0.8181   0.03616  0.003533         0
     57/99     7.07G   0.01645  0.004378         0   0.02083        10       640    0.9928    0.9724     0.992    0.8275   0.03569  0.003485         0
     58/99     7.07G   0.01677  0.004272         0   0.02104        11       640     0.993    0.9724    0.9894    0.7931   0.03643  0.003479         0
     59/99     7.07G   0.01658  0.004266         0   0.02085         9       640    0.9724    0.9793    0.9927    0.8448   0.03667  0.003512         0
     60/99     7.07G   0.01658  0.004179         0   0.02076         9       640     0.979    0.9655      0.99    0.8522   0.03528  0.003689         0
     61/99     7.07G   0.01612  0.004159         0   0.02028        12       640         1    0.9724    0.9941    0.8253     0.036  0.003516         0
     62/99     7.07G   0.01625  0.004312         0   0.02056        12       640    0.9859    0.9724    0.9923    0.8103   0.03678  0.003518         0
     63/99     7.07G    0.0161  0.004231         0   0.02033         8       640     0.986    0.9793    0.9909    0.8411   0.03633  0.003549         0
     64/99     7.07G   0.01606  0.004291         0   0.02035        10       640    0.9999    0.9517    0.9925    0.8398   0.03854  0.003423         0
     65/99     7.07G    0.0154  0.004196         0   0.01959        15       640    0.9861    0.9792    0.9933    0.8133   0.03751  0.003302         0
     66/99     7.07G   0.01649  0.004282         0   0.02077        11       640    0.9859    0.9724    0.9924    0.8409   0.03561  0.003462         0
     67/99     7.07G   0.01684   0.00428         0   0.02112        14       640    0.9997    0.9793     0.993    0.8324     0.036  0.003438         0
     68/99     7.07G   0.01645   0.00434         0   0.02079        12       640    0.9793    0.9785     0.986    0.8078    0.0367   0.00343         0
     69/99     7.07G   0.01498  0.004333         0   0.01931        10       640    0.9861    0.9792     0.991    0.8098   0.03627  0.003407         0
     70/99     7.07G    0.0168  0.004307         0   0.02111        11       640    0.9861    0.9793    0.9897    0.8142   0.03567  0.003483         0
     71/99     7.07G   0.01606  0.004244         0   0.02031        13       640     0.986    0.9793    0.9918     0.815    0.0352  0.003361         0
     72/99     7.07G   0.01576  0.004284         0   0.02005         9       640    0.9726    0.9791    0.9873    0.8205   0.03599  0.003366         0
     73/99     7.07G   0.01572  0.004229         0   0.01995        13       640    0.9793    0.9793    0.9909    0.8214   0.03507  0.003369         0
     74/99     7.07G    0.0152  0.004213         0   0.01942        11       640    0.9662    0.9862    0.9911    0.8179   0.03529  0.003519         0
     75/99     7.07G   0.01564  0.004296         0   0.01993        11       640    0.9859    0.9646    0.9883      0.82   0.03571  0.003415         0
     76/99     7.07G   0.01579  0.004201         0   0.01999         8       640     0.986    0.9724      0.99    0.8302    0.0354  0.003433         0
     77/99     7.07G   0.01514  0.004227         0   0.01937        13       640    0.9861    0.9793     0.991    0.8145   0.03443  0.003357         0
     78/99     7.07G    0.0164  0.004355         0   0.02075        10       640    0.9793    0.9862    0.9902    0.8163   0.03505  0.003434         0
     79/99     7.07G   0.01461  0.004174         0   0.01878        13       640    0.9793    0.9862    0.9917    0.8282    0.0358  0.003294         0
     80/99     7.07G   0.01482  0.004235         0   0.01905        12       640    0.9793    0.9793    0.9911    0.8234   0.03513   0.00344         0
     81/99     7.07G   0.01459  0.004198         0   0.01878        11       640    0.9795    0.9861    0.9903     0.842   0.03502  0.003414         0
     82/99     7.07G    0.0155  0.004336         0   0.01984        14       640    0.9861    0.9862    0.9904    0.8327   0.03477  0.003358         0
     83/99     7.07G   0.01591  0.004218         0   0.02013        11       640    0.9931    0.9861     0.993    0.8273   0.03478  0.003428         0
     84/99     7.07G   0.01604  0.004171         0   0.02021        10       640         1    0.9858    0.9924     0.838   0.03535  0.003409         0
     85/99     7.07G   0.01544   0.00422         0   0.01966        13       640    0.9858    0.9655    0.9913    0.8344   0.03529  0.003456         0
     86/99     7.07G   0.01508  0.004172         0   0.01925        14       640    0.9792    0.9724    0.9885    0.8225   0.03468  0.003496         0
     87/99     7.07G   0.01441  0.004138         0   0.01854        11       640    0.9859    0.9724    0.9904    0.8352   0.03439  0.003476         0
     88/99     7.07G   0.01516  0.004247         0   0.01941        17       640    0.9861    0.9792    0.9902     0.826   0.03537  0.003476         0
     89/99     7.07G   0.01444  0.004061         0    0.0185         8       640    0.9927    0.9793    0.9919    0.8435   0.03513    0.0035         0
     90/99     7.07G   0.01474  0.004207         0   0.01894        12       640    0.9861    0.9792    0.9916    0.8295   0.03462  0.003448         0
     91/99     7.07G   0.01446  0.004256         0   0.01871        13       640    0.9856    0.9793    0.9915    0.8346   0.03496  0.003385         0
     92/99     7.07G   0.01436  0.004291         0   0.01865        14       640    0.9861    0.9793    0.9908    0.8235   0.03512  0.003367         0
     93/99     7.07G   0.01623  0.004202         0   0.02044        10       640    0.9791    0.9793    0.9898    0.8301   0.03458  0.003419         0
     94/99     7.07G   0.01418  0.004245         0   0.01843        14       640    0.9792    0.9862    0.9907    0.8383   0.03479  0.003408         0
     95/99     7.07G   0.01497  0.004224         0   0.01919        11       640    0.9861    0.9793    0.9919    0.8352   0.03524  0.003326         0
     96/99     7.07G   0.01446  0.004249         0   0.01871        10       640    0.9931    0.9861    0.9919    0.8214   0.03502  0.003325         0
     97/99     7.07G   0.01578  0.004292         0   0.02007        16       640     0.993    0.9791    0.9914    0.8229    0.0345   0.00339         0
     98/99     7.07G   0.01498  0.004308         0   0.01929         9       640    0.9862     0.986    0.9913    0.8191   0.03419  0.003376         0
     99/99     7.07G   0.01373  0.004154         0   0.01788        13       640     0.993    0.9792    0.9898    0.8129   0.03465  0.003442         0
